0.000000000000000000e+00 0.000000000000000000e+00 0.000000000000000000e+00 0.000000000000000000e+00 1.801985664422726344e-03
0.000000000000000000e+00 0.000000000000000000e+00 0.000000000000000000e+00 0.000000000000000000e+00 2.489129364984677979e-03
2.819595726010049019e-11 0.000000000000000000e+00 0.000000000000000000e+00 0.000000000000000000e+00 0.000000000000000000e+00
3.868469311577705377e-02 0.000000000000000000e+00 3.606143248419246272e-01 0.000000000000000000e+00 9.434061091596814431e-04
6.527853448585734658e-03 0.000000000000000000e+00 0.000000000000000000e+00 9.153375397976466765e-02 9.744166986557526930e-04
0.000000000000000000e+00 0.000000000000000000e+00 0.000000000000000000e+00 0.000000000000000000e+00 1.294495903223285118e-03
7.897013059047880770e-03 0.000000000000000000e+00 8.825170205309776361e-02 0.000000000000000000e+00 0.000000000000000000e+00
1.464144690074584126e-11 0.000000000000000000e+00 0.000000000000000000e+00 0.000000000000000000e+00 0.000000000000000000e+00
0.000000000000000000e+00 0.000000000000000000e+00 0.000000000000000000e+00 0.000000000000000000e+00 8.598205434011029630e-03
0.000000000000000000e+00 0.000000000000000000e+00 0.000000000000000000e+00 0.000000000000000000e+00 0.000000000000000000e+00
0.000000000000000000e+00 0.000000000000000000e+00 0.000000000000000000e+00 0.000000000000000000e+00 0.000000000000000000e+00
0.000000000000000000e+00 0.000000000000000000e+00 0.000000000000000000e+00 0.000000000000000000e+00 1.269886074416544039e-02
1.321579692653101128e-10 0.000000000000000000e+00 0.000000000000000000e+00 0.000000000000000000e+00 0.000000000000000000e+00
5.061361945121657170e-12 0.000000000000000000e+00 0.000000000000000000e+00 0.000000000000000000e+00 1.113418753616652723e-03
1.307101315383632223e-01 0.000000000000000000e+00 0.000000000000000000e+00 4.018837757723733306e-01 0.000000000000000000e+00
8.648519759893850967e-02 0.000000000000000000e+00 2.212773207223065475e-01 0.000000000000000000e+00 5.116618405819373626e-03
0.000000000000000000e+00 6.031408968942941068e-02 0.000000000000000000e+00 2.170748235851293062e-01 1.881728517961867454e-03
0.000000000000000000e+00 6.636223012671933763e-02 1.815119185001880797e-01 0.000000000000000000e+00 5.118668525888745574e-03
0.000000000000000000e+00 3.399164448184644471e-01 0.000000000000000000e+00 0.000000000000000000e+00 4.279885405338802111e-04
6.894712294128964602e-11 0.000000000000000000e+00 0.000000000000000000e+00 0.000000000000000000e+00 1.952203386687846598e-02
0.000000000000000000e+00 0.000000000000000000e+00 0.000000000000000000e+00 0.000000000000000000e+00 3.379708342650712964e-04
1.046942850788435547e-01 0.000000000000000000e+00 0.000000000000000000e+00 3.202858950697762275e-01 1.393240661198723611e-03
4.936819934767867194e-12 0.000000000000000000e+00 0.000000000000000000e+00 0.000000000000000000e+00 3.070608278205544600e-04
1.974674127407010926e-01 0.000000000000000000e+00 0.000000000000000000e+00 1.556532282436605685e-01 0.000000000000000000e+00
0.000000000000000000e+00 4.396953457030883805e-01 0.000000000000000000e+00 5.517309602913246513e-02 0.000000000000000000e+00
9.563697499883632230e-11 0.000000000000000000e+00 0.000000000000000000e+00 0.000000000000000000e+00 0.000000000000000000e+00
6.108961944190013521e-11 0.000000000000000000e+00 0.000000000000000000e+00 0.000000000000000000e+00 0.000000000000000000e+00
0.000000000000000000e+00 0.000000000000000000e+00 0.000000000000000000e+00 0.000000000000000000e+00 0.000000000000000000e+00
0.000000000000000000e+00 0.000000000000000000e+00 0.000000000000000000e+00 0.000000000000000000e+00 8.778676977526008937e-03
1.180206143510561618e-11 0.000000000000000000e+00 0.000000000000000000e+00 0.000000000000000000e+00 3.127322428996995134e-03
0.000000000000000000e+00 0.000000000000000000e+00 0.000000000000000000e+00 0.000000000000000000e+00 1.988011706868555301e-02
1.357401899298700842e-10 0.000000000000000000e+00 0.000000000000000000e+00 0.000000000000000000e+00 5.356926451336270142e-04
2.026562124318092553e-11 0.000000000000000000e+00 0.000000000000000000e+00 0.000000000000000000e+00 0.000000000000000000e+00
0.000000000000000000e+00 0.000000000000000000e+00 0.000000000000000000e+00 0.000000000000000000e+00 2.869753827438156681e-04
2.591394682197779850e-10 0.000000000000000000e+00 0.000000000000000000e+00 0.000000000000000000e+00 0.000000000000000000e+00
0.000000000000000000e+00 2.838477447980121138e-01 5.293046819821807525e-02 0.000000000000000000e+00 9.715881083227002109e-04
2.428307758986761877e-01 0.000000000000000000e+00 0.000000000000000000e+00 2.074272676006400778e-02 4.301571252567984991e-04
4.461090690686100276e-11 0.000000000000000000e+00 0.000000000000000000e+00 0.000000000000000000e+00 0.000000000000000000e+00
3.292202413501555361e-11 0.000000000000000000e+00 0.000000000000000000e+00 0.000000000000000000e+00 1.004880493046716398e-03
0.000000000000000000e+00 0.000000000000000000e+00 0.000000000000000000e+00 0.000000000000000000e+00 2.031489368123505241e-03
5.633633696478363979e-12 0.000000000000000000e+00 0.000000000000000000e+00 0.000000000000000000e+00 0.000000000000000000e+00
2.418437997640296292e-11 0.000000000000000000e+00 0.000000000000000000e+00 0.000000000000000000e+00 4.759691008991926049e-03
1.316476440152320489e-11 0.000000000000000000e+00 0.000000000000000000e+00 0.000000000000000000e+00 5.442706463415302939e-03
0.000000000000000000e+00 0.000000000000000000e+00 0.000000000000000000e+00 0.000000000000000000e+00 3.583274216172731199e-03
0.000000000000000000e+00 0.000000000000000000e+00 0.000000000000000000e+00 0.000000000000000000e+00 4.920836052038832925e-03
0.000000000000000000e+00 0.000000000000000000e+00 0.000000000000000000e+00 0.000000000000000000e+00 0.000000000000000000e+00
0.000000000000000000e+00 0.000000000000000000e+00 0.000000000000000000e+00 0.000000000000000000e+00 0.000000000000000000e+00
0.000000000000000000e+00 0.000000000000000000e+00 0.000000000000000000e+00 0.000000000000000000e+00 0.000000000000000000e+00
0.000000000000000000e+00 0.000000000000000000e+00 0.000000000000000000e+00 0.000000000000000000e+00 0.000000000000000000e+00
0.000000000000000000e+00 0.000000000000000000e+00 0.000000000000000000e+00 0.000000000000000000e+00 4.998136594506054440e-04
0.000000000000000000e+00 0.000000000000000000e+00 0.000000000000000000e+00 0.000000000000000000e+00 0.000000000000000000e+00
0.000000000000000000e+00 0.000000000000000000e+00 0.000000000000000000e+00 0.000000000000000000e+00 0.000000000000000000e+00
1.283051665241393903e-12 0.000000000000000000e+00 0.000000000000000000e+00 0.000000000000000000e+00 1.422984887236116141e-04
5.728093620952368330e-12 0.000000000000000000e+00 0.000000000000000000e+00 0.000000000000000000e+00 5.402741733880890920e-03
9.626232326718697538e-12 0.000000000000000000e+00 0.000000000000000000e+00 0.000000000000000000e+00 5.677997548746732681e-03
2.105738781069563732e-12 0.000000000000000000e+00 0.000000000000000000e+00 0.000000000000000000e+00 0.000000000000000000e+00
0.000000000000000000e+00 0.000000000000000000e+00 0.000000000000000000e+00 0.000000000000000000e+00 1.808645434974726161e-03
0.000000000000000000e+00 0.000000000000000000e+00 0.000000000000000000e+00 0.000000000000000000e+00 7.126057610666687234e-04
0.000000000000000000e+00 0.000000000000000000e+00 0.000000000000000000e+00 0.000000000000000000e+00 0.000000000000000000e+00
0.000000000000000000e+00 0.000000000000000000e+00 0.000000000000000000e+00 0.000000000000000000e+00 0.000000000000000000e+00
0.000000000000000000e+00 0.000000000000000000e+00 0.000000000000000000e+00 0.000000000000000000e+00 0.000000000000000000e+00
9.519967215010740225e-12 0.000000000000000000e+00 0.000000000000000000e+00 0.000000000000000000e+00 9.545125096329582556e-04
3.266342178225620321e-12 0.000000000000000000e+00 0.000000000000000000e+00 0.000000000000000000e+00 5.563477304541200466e-04
2.888287294281713412e-12 0.000000000000000000e+00 0.000000000000000000e+00 0.000000000000000000e+00 0.000000000000000000e+00
7.919390226903923123e-11 0.000000000000000000e+00 0.000000000000000000e+00 0.000000000000000000e+00 0.000000000000000000e+00
7.919830403120179412e-11 0.000000000000000000e+00 0.000000000000000000e+00 0.000000000000000000e+00 6.582918765497006164e-03
0.000000000000000000e+00 0.000000000000000000e+00 0.000000000000000000e+00 0.000000000000000000e+00 1.185660580535542220e-03
0.000000000000000000e+00 0.000000000000000000e+00 0.000000000000000000e+00 0.000000000000000000e+00 0.000000000000000000e+00
5.827053893261260579e-12 0.000000000000000000e+00 0.000000000000000000e+00 0.000000000000000000e+00 0.000000000000000000e+00
1.913507650968659445e-11 0.000000000000000000e+00 0.000000000000000000e+00 0.000000000000000000e+00 7.941773522284055909e-04
0.000000000000000000e+00 0.000000000000000000e+00 0.000000000000000000e+00 0.000000000000000000e+00 5.124017401375198510e-04
7.396457384722518825e-12 0.000000000000000000e+00 0.000000000000000000e+00 0.000000000000000000e+00 0.000000000000000000e+00
0.000000000000000000e+00 2.996550984543785434e-01 0.000000000000000000e+00 1.332847095623933276e-01 0.000000000000000000e+00
0.000000000000000000e+00 0.000000000000000000e+00 0.000000000000000000e+00 0.000000000000000000e+00 3.258270744607708568e-03
5.470532230373964832e-12 0.000000000000000000e+00 0.000000000000000000e+00 0.000000000000000000e+00 1.561871013032585043e-03
0.000000000000000000e+00 0.000000000000000000e+00 0.000000000000000000e+00 0.000000000000000000e+00 0.000000000000000000e+00
2.872383328851772324e-11 0.000000000000000000e+00 0.000000000000000000e+00 0.000000000000000000e+00 0.000000000000000000e+00
2.115235456266902055e-12 0.000000000000000000e+00 0.000000000000000000e+00 0.000000000000000000e+00 1.154015353567379329e-04
1.495156585663673007e-11 0.000000000000000000e+00 0.000000000000000000e+00 0.000000000000000000e+00 0.000000000000000000e+00
0.000000000000000000e+00 0.000000000000000000e+00 0.000000000000000000e+00 0.000000000000000000e+00 0.000000000000000000e+00
8.999048409204259602e-12 0.000000000000000000e+00 0.000000000000000000e+00 0.000000000000000000e+00 6.092238788662491904e-03
4.462721610511803860e-12 0.000000000000000000e+00 0.000000000000000000e+00 0.000000000000000000e+00 1.903218253705713306e-02
9.823933281078275569e-11 0.000000000000000000e+00 0.000000000000000000e+00 0.000000000000000000e+00 0.000000000000000000e+00
0.000000000000000000e+00 0.000000000000000000e+00 0.000000000000000000e+00 0.000000000000000000e+00 5.721689572868155979e-03
1.237325202137401902e-11 0.000000000000000000e+00 0.000000000000000000e+00 0.000000000000000000e+00 1.403275886325565935e-01
0.000000000000000000e+00 0.000000000000000000e+00 0.000000000000000000e+00 0.000000000000000000e+00 9.319358078946471781e-04
0.000000000000000000e+00 0.000000000000000000e+00 0.000000000000000000e+00 0.000000000000000000e+00 5.203138130506452380e-03
1.064644364935601520e-10 0.000000000000000000e+00 0.000000000000000000e+00 0.000000000000000000e+00 7.918832912707237477e-04
1.080734099425962880e-10 0.000000000000000000e+00 0.000000000000000000e+00 0.000000000000000000e+00 0.000000000000000000e+00
4.337646436749266199e-01 0.000000000000000000e+00 9.662672895475629686e-02 0.000000000000000000e+00 0.000000000000000000e+00
2.445571364180335451e-12 0.000000000000000000e+00 0.000000000000000000e+00 0.000000000000000000e+00 0.000000000000000000e+00
2.491332232744188447e-11 0.000000000000000000e+00 0.000000000000000000e+00 0.000000000000000000e+00 0.000000000000000000e+00
0.000000000000000000e+00 0.000000000000000000e+00 0.000000000000000000e+00 0.000000000000000000e+00 4.174901843061147653e-04
0.000000000000000000e+00 0.000000000000000000e+00 0.000000000000000000e+00 0.000000000000000000e+00 1.015786855895860763e-01
7.229553472153563039e-11 0.000000000000000000e+00 0.000000000000000000e+00 0.000000000000000000e+00 4.533685222251152350e-03
0.000000000000000000e+00 0.000000000000000000e+00 0.000000000000000000e+00 0.000000000000000000e+00 2.571177712300736173e-05
1.439763130105271603e-11 0.000000000000000000e+00 0.000000000000000000e+00 0.000000000000000000e+00 0.000000000000000000e+00
0.000000000000000000e+00 0.000000000000000000e+00 0.000000000000000000e+00 0.000000000000000000e+00 1.148301110571304292e-03
0.000000000000000000e+00 0.000000000000000000e+00 0.000000000000000000e+00 0.000000000000000000e+00 0.000000000000000000e+00
1.070133949781920439e-12 0.000000000000000000e+00 0.000000000000000000e+00 0.000000000000000000e+00 9.894564671030195609e-04
1.963409319089232325e-11 0.000000000000000000e+00 0.000000000000000000e+00 0.000000000000000000e+00 1.044081825905158751e-04
0.000000000000000000e+00 0.000000000000000000e+00 0.000000000000000000e+00 0.000000000000000000e+00 1.059634672481168461e-03
1.278486952067564108e-11 0.000000000000000000e+00 0.000000000000000000e+00 0.000000000000000000e+00 0.000000000000000000e+00
3.847516351059230847e-11 0.000000000000000000e+00 0.000000000000000000e+00 0.000000000000000000e+00 0.000000000000000000e+00
1.687910586836399120e-11 0.000000000000000000e+00 0.000000000000000000e+00 0.000000000000000000e+00 0.000000000000000000e+00
1.715407464138543423e-12 0.000000000000000000e+00 0.000000000000000000e+00 0.000000000000000000e+00 7.943406970668498131e-04
0.000000000000000000e+00 0.000000000000000000e+00 0.000000000000000000e+00 0.000000000000000000e+00 2.400496262830486335e-03
8.620640658775857723e-02 0.000000000000000000e+00 0.000000000000000000e+00 3.750064464798246594e-02 0.000000000000000000e+00
1.882463679682646728e-11 0.000000000000000000e+00 0.000000000000000000e+00 0.000000000000000000e+00 0.000000000000000000e+00
0.000000000000000000e+00 1.427764126134108968e-01 7.544625232640032875e-02 0.000000000000000000e+00 0.000000000000000000e+00
5.142010580381369026e-12 0.000000000000000000e+00 0.000000000000000000e+00 0.000000000000000000e+00 0.000000000000000000e+00
6.997032284952907160e-12 0.000000000000000000e+00 0.000000000000000000e+00 0.000000000000000000e+00 9.767620906750771985e-04
0.000000000000000000e+00 0.000000000000000000e+00 0.000000000000000000e+00 0.000000000000000000e+00 1.098119115328268901e-03
0.000000000000000000e+00 0.000000000000000000e+00 0.000000000000000000e+00 0.000000000000000000e+00 0.000000000000000000e+00
0.000000000000000000e+00 0.000000000000000000e+00 0.000000000000000000e+00 0.000000000000000000e+00 1.163882749877707002e-03
1.508505098471232176e-11 0.000000000000000000e+00 0.000000000000000000e+00 0.000000000000000000e+00 0.000000000000000000e+00
0.000000000000000000e+00 0.000000000000000000e+00 0.000000000000000000e+00 0.000000000000000000e+00 5.741444920754757222e-03
0.000000000000000000e+00 0.000000000000000000e+00 0.000000000000000000e+00 0.000000000000000000e+00 0.000000000000000000e+00
0.000000000000000000e+00 1.873988470755717783e-01 9.872628766826216373e-02 0.000000000000000000e+00 5.522143168269447178e-03
0.000000000000000000e+00 0.000000000000000000e+00 0.000000000000000000e+00 0.000000000000000000e+00 1.062695340929944218e-03
2.425845115367029070e-01 0.000000000000000000e+00 0.000000000000000000e+00 1.081334582627704044e-01 4.936731562203701754e-03
1.519987834367437972e-12 0.000000000000000000e+00 0.000000000000000000e+00 0.000000000000000000e+00 5.621056705328667793e-04
1.898722714873700268e-11 0.000000000000000000e+00 0.000000000000000000e+00 0.000000000000000000e+00 0.000000000000000000e+00
0.000000000000000000e+00 0.000000000000000000e+00 0.000000000000000000e+00 0.000000000000000000e+00 1.117938250885183900e-03
0.000000000000000000e+00 0.000000000000000000e+00 0.000000000000000000e+00 0.000000000000000000e+00 4.016252998838647746e-03
2.936606168420543367e-12 0.000000000000000000e+00 0.000000000000000000e+00 0.000000000000000000e+00 0.000000000000000000e+00
3.376954251632872073e-11 0.000000000000000000e+00 0.000000000000000000e+00 0.000000000000000000e+00 1.103089811019192755e-02
0.000000000000000000e+00 0.000000000000000000e+00 0.000000000000000000e+00 0.000000000000000000e+00 6.496394265208159857e-04
1.256992544015694384e-11 0.000000000000000000e+00 0.000000000000000000e+00 0.000000000000000000e+00 0.000000000000000000e+00
1.314287186085781301e-11 0.000000000000000000e+00 0.000000000000000000e+00 0.000000000000000000e+00 0.000000000000000000e+00
0.000000000000000000e+00 0.000000000000000000e+00 0.000000000000000000e+00 0.000000000000000000e+00 5.812186515540345658e-04
0.000000000000000000e+00 0.000000000000000000e+00 0.000000000000000000e+00 0.000000000000000000e+00 0.000000000000000000e+00
0.000000000000000000e+00 0.000000000000000000e+00 0.000000000000000000e+00 0.000000000000000000e+00 0.000000000000000000e+00
0.000000000000000000e+00 1.974811350820461775e-01 1.682887834894576384e-01 0.000000000000000000e+00 0.000000000000000000e+00
0.000000000000000000e+00 2.002105076224485747e-01 0.000000000000000000e+00 2.726319991639786222e-01 0.000000000000000000e+00
0.000000000000000000e+00 0.000000000000000000e+00 0.000000000000000000e+00 0.000000000000000000e+00 0.000000000000000000e+00
0.000000000000000000e+00 0.000000000000000000e+00 0.000000000000000000e+00 0.000000000000000000e+00 0.000000000000000000e+00
5.738667658823470242e-11 0.000000000000000000e+00 0.000000000000000000e+00 0.000000000000000000e+00 0.000000000000000000e+00
7.339707887314700664e-12 0.000000000000000000e+00 0.000000000000000000e+00 0.000000000000000000e+00 0.000000000000000000e+00
0.000000000000000000e+00 0.000000000000000000e+00 0.000000000000000000e+00 0.000000000000000000e+00 0.000000000000000000e+00
1.520801939342731465e-12 0.000000000000000000e+00 0.000000000000000000e+00 0.000000000000000000e+00 0.000000000000000000e+00
7.741031157133576161e-12 0.000000000000000000e+00 0.000000000000000000e+00 0.000000000000000000e+00 0.000000000000000000e+00
3.386822550533108373e-12 0.000000000000000000e+00 0.000000000000000000e+00 0.000000000000000000e+00 0.000000000000000000e+00
1.961724005345547861e-01 0.000000000000000000e+00 2.785466464726827907e-01 0.000000000000000000e+00 0.000000000000000000e+00
7.303328435551762716e-12 0.000000000000000000e+00 0.000000000000000000e+00 0.000000000000000000e+00 5.023526018501161053e-03
3.700258767530316657e-12 0.000000000000000000e+00 0.000000000000000000e+00 0.000000000000000000e+00 3.063086732590499460e-04
0.000000000000000000e+00 0.000000000000000000e+00 0.000000000000000000e+00 0.000000000000000000e+00 0.000000000000000000e+00
1.607673362061525610e-11 0.000000000000000000e+00 0.000000000000000000e+00 0.000000000000000000e+00 0.000000000000000000e+00
3.267740392124876533e-11 0.000000000000000000e+00 0.000000000000000000e+00 0.000000000000000000e+00 9.241714392839413608e-03
3.153540746307579825e-11 0.000000000000000000e+00 0.000000000000000000e+00 0.000000000000000000e+00 0.000000000000000000e+00
1.437341357291939831e-11 0.000000000000000000e+00 0.000000000000000000e+00 0.000000000000000000e+00 0.000000000000000000e+00
0.000000000000000000e+00 0.000000000000000000e+00 0.000000000000000000e+00 0.000000000000000000e+00 2.233313082587205789e-01
9.911447651394209687e-12 0.000000000000000000e+00 0.000000000000000000e+00 0.000000000000000000e+00 0.000000000000000000e+00
2.487772391744880550e-13 0.000000000000000000e+00 0.000000000000000000e+00 0.000000000000000000e+00 0.000000000000000000e+00
0.000000000000000000e+00 0.000000000000000000e+00 0.000000000000000000e+00 0.000000000000000000e+00 0.000000000000000000e+00
2.468011276021956556e-11 0.000000000000000000e+00 0.000000000000000000e+00 0.000000000000000000e+00 0.000000000000000000e+00
1.641517670393590837e-12 0.000000000000000000e+00 0.000000000000000000e+00 0.000000000000000000e+00 0.000000000000000000e+00
0.000000000000000000e+00 0.000000000000000000e+00 0.000000000000000000e+00 0.000000000000000000e+00 3.637589418285311869e-03
0.000000000000000000e+00 0.000000000000000000e+00 0.000000000000000000e+00 0.000000000000000000e+00 7.337107004658731781e-04
2.854227588184361930e-11 0.000000000000000000e+00 0.000000000000000000e+00 0.000000000000000000e+00 0.000000000000000000e+00
2.641967852879187865e-11 0.000000000000000000e+00 0.000000000000000000e+00 0.000000000000000000e+00 0.000000000000000000e+00
0.000000000000000000e+00 1.099652279209070577e-01 2.227889221859881419e-01 0.000000000000000000e+00 3.132048195539942001e-04
0.000000000000000000e+00 0.000000000000000000e+00 0.000000000000000000e+00 0.000000000000000000e+00 1.698832590009458987e-03
7.663416689042514796e-11 0.000000000000000000e+00 0.000000000000000000e+00 0.000000000000000000e+00 0.000000000000000000e+00
0.000000000000000000e+00 0.000000000000000000e+00 0.000000000000000000e+00 0.000000000000000000e+00 0.000000000000000000e+00
0.000000000000000000e+00 0.000000000000000000e+00 0.000000000000000000e+00 0.000000000000000000e+00 1.544994313905071696e-03
1.720676060560565965e-11 0.000000000000000000e+00 0.000000000000000000e+00 0.000000000000000000e+00 4.771160118535186859e-04
3.053630679433120781e-13 0.000000000000000000e+00 0.000000000000000000e+00 0.000000000000000000e+00 2.887227511321721531e-03
3.798516062220672258e-12 0.000000000000000000e+00 0.000000000000000000e+00 0.000000000000000000e+00 0.000000000000000000e+00
0.000000000000000000e+00 0.000000000000000000e+00 0.000000000000000000e+00 0.000000000000000000e+00 2.002459065271078472e-04
0.000000000000000000e+00 0.000000000000000000e+00 0.000000000000000000e+00 0.000000000000000000e+00 5.128319874627531964e-03
0.000000000000000000e+00 0.000000000000000000e+00 0.000000000000000000e+00 0.000000000000000000e+00 0.000000000000000000e+00
8.752814972289144335e-12 0.000000000000000000e+00 0.000000000000000000e+00 0.000000000000000000e+00 1.089214815409095087e-03
0.000000000000000000e+00 0.000000000000000000e+00 0.000000000000000000e+00 0.000000000000000000e+00 0.000000000000000000e+00
4.697119416358291300e-11 0.000000000000000000e+00 0.000000000000000000e+00 0.000000000000000000e+00 2.613326096397946066e-02
4.263710814008120013e-11 0.000000000000000000e+00 0.000000000000000000e+00 0.000000000000000000e+00 0.000000000000000000e+00
0.000000000000000000e+00 0.000000000000000000e+00 0.000000000000000000e+00 0.000000000000000000e+00 5.789185369468142356e-03
1.089678187080855068e-10 0.000000000000000000e+00 0.000000000000000000e+00 0.000000000000000000e+00 7.498019002458067468e-04
0.000000000000000000e+00 0.000000000000000000e+00 0.000000000000000000e+00 0.000000000000000000e+00 0.000000000000000000e+00
7.295629926887133768e-11 0.000000000000000000e+00 0.000000000000000000e+00 0.000000000000000000e+00 8.242752357094182414e-02
1.814177284431882624e-10 0.000000000000000000e+00 0.000000000000000000e+00 0.000000000000000000e+00 4.000923720542392224e-03
0.000000000000000000e+00 0.000000000000000000e+00 0.000000000000000000e+00 0.000000000000000000e+00 0.000000000000000000e+00
1.461053851364882504e-11 0.000000000000000000e+00 0.000000000000000000e+00 0.000000000000000000e+00 0.000000000000000000e+00
0.000000000000000000e+00 0.000000000000000000e+00 0.000000000000000000e+00 0.000000000000000000e+00 0.000000000000000000e+00
0.000000000000000000e+00 0.000000000000000000e+00 0.000000000000000000e+00 0.000000000000000000e+00 5.360770376157158101e-04
2.091089811643195277e-11 0.000000000000000000e+00 0.000000000000000000e+00 0.000000000000000000e+00 0.000000000000000000e+00
0.000000000000000000e+00 0.000000000000000000e+00 0.000000000000000000e+00 0.000000000000000000e+00 9.263917911984688169e-01
0.000000000000000000e+00 0.000000000000000000e+00 0.000000000000000000e+00 0.000000000000000000e+00 0.000000000000000000e+00
0.000000000000000000e+00 0.000000000000000000e+00 0.000000000000000000e+00 0.000000000000000000e+00 3.695795686188181346e-03
0.000000000000000000e+00 0.000000000000000000e+00 0.000000000000000000e+00 0.000000000000000000e+00 7.171692967674423574e-04
0.000000000000000000e+00 0.000000000000000000e+00 0.000000000000000000e+00 0.000000000000000000e+00 0.000000000000000000e+00
1.696387655367695468e-13 0.000000000000000000e+00 0.000000000000000000e+00 0.000000000000000000e+00 0.000000000000000000e+00
1.596231223401719455e-11 0.000000000000000000e+00 0.000000000000000000e+00 0.000000000000000000e+00 6.318127012578111067e-03
1.820507553992708571e-11 0.000000000000000000e+00 0.000000000000000000e+00 0.000000000000000000e+00 0.000000000000000000e+00
0.000000000000000000e+00 0.000000000000000000e+00 0.000000000000000000e+00 0.000000000000000000e+00 1.154477758427462867e-03
0.000000000000000000e+00 0.000000000000000000e+00 0.000000000000000000e+00 0.000000000000000000e+00 8.626355311887173036e-04
0.000000000000000000e+00 0.000000000000000000e+00 0.000000000000000000e+00 0.000000000000000000e+00 5.083477963391368898e-02
0.000000000000000000e+00 0.000000000000000000e+00 0.000000000000000000e+00 0.000000000000000000e+00 7.017422476367029746e-03
1.516617144653422816e-12 0.000000000000000000e+00 0.000000000000000000e+00 0.000000000000000000e+00 4.620258089416278986e-04
0.000000000000000000e+00 7.964307184603972023e-02 4.152424078674120111e-01 0.000000000000000000e+00 0.000000000000000000e+00
5.569369190230502666e-12 0.000000000000000000e+00 0.000000000000000000e+00 0.000000000000000000e+00 8.393535454813949234e-03
0.000000000000000000e+00 0.000000000000000000e+00 0.000000000000000000e+00 0.000000000000000000e+00 0.000000000000000000e+00
0.000000000000000000e+00 0.000000000000000000e+00 0.000000000000000000e+00 0.000000000000000000e+00 1.514295080485065798e-03
5.866537687171978660e-11 0.000000000000000000e+00 0.000000000000000000e+00 0.000000000000000000e+00 0.000000000000000000e+00
0.000000000000000000e+00 0.000000000000000000e+00 0.000000000000000000e+00 0.000000000000000000e+00 0.000000000000000000e+00
5.826032222360441258e-12 0.000000000000000000e+00 0.000000000000000000e+00 0.000000000000000000e+00 0.000000000000000000e+00
0.000000000000000000e+00 9.939421229334219343e-02 1.343399647935519525e-01 0.000000000000000000e+00 0.000000000000000000e+00
1.337805882877760866e-01 0.000000000000000000e+00 2.472456351580136213e-01 0.000000000000000000e+00 4.269545838414824353e-04
0.000000000000000000e+00 0.000000000000000000e+00 0.000000000000000000e+00 0.000000000000000000e+00 1.546035288590736669e-03
0.000000000000000000e+00 0.000000000000000000e+00 0.000000000000000000e+00 0.000000000000000000e+00 0.000000000000000000e+00
0.000000000000000000e+00 0.000000000000000000e+00 0.000000000000000000e+00 0.000000000000000000e+00 5.145785893619049360e-03
0.000000000000000000e+00 0.000000000000000000e+00 0.000000000000000000e+00 0.000000000000000000e+00 0.000000000000000000e+00
0.000000000000000000e+00 0.000000000000000000e+00 0.000000000000000000e+00 0.000000000000000000e+00 0.000000000000000000e+00
2.429048613077382207e-12 0.000000000000000000e+00 0.000000000000000000e+00 0.000000000000000000e+00 0.000000000000000000e+00
0.000000000000000000e+00 0.000000000000000000e+00 0.000000000000000000e+00 0.000000000000000000e+00 5.483188201885137031e-02
6.167194791195538878e-12 0.000000000000000000e+00 0.000000000000000000e+00 0.000000000000000000e+00 0.000000000000000000e+00
8.772209606109494622e-12 0.000000000000000000e+00 0.000000000000000000e+00 0.000000000000000000e+00 0.000000000000000000e+00
5.641817562704242215e-12 0.000000000000000000e+00 0.000000000000000000e+00 0.000000000000000000e+00 0.000000000000000000e+00
0.000000000000000000e+00 0.000000000000000000e+00 0.000000000000000000e+00 0.000000000000000000e+00 0.000000000000000000e+00
0.000000000000000000e+00 0.000000000000000000e+00 0.000000000000000000e+00 0.000000000000000000e+00 0.000000000000000000e+00
7.022262027566642048e-12 0.000000000000000000e+00 0.000000000000000000e+00 0.000000000000000000e+00 4.965079854835825236e-04
0.000000000000000000e+00 0.000000000000000000e+00 0.000000000000000000e+00 0.000000000000000000e+00 2.695649351892526451e-03
7.078529308981936370e-12 0.000000000000000000e+00 0.000000000000000000e+00 0.000000000000000000e+00 0.000000000000000000e+00
7.684312390628137699e-11 0.000000000000000000e+00 0.000000000000000000e+00 0.000000000000000000e+00 0.000000000000000000e+00
0.000000000000000000e+00 0.000000000000000000e+00 0.000000000000000000e+00 0.000000000000000000e+00 1.108834116431895757e-03
0.000000000000000000e+00 0.000000000000000000e+00 0.000000000000000000e+00 0.000000000000000000e+00 4.704442334726712145e-03
3.349738598009279735e-11 0.000000000000000000e+00 0.000000000000000000e+00 0.000000000000000000e+00 0.000000000000000000e+00
0.000000000000000000e+00 0.000000000000000000e+00 0.000000000000000000e+00 0.000000000000000000e+00 0.000000000000000000e+00
1.580382858141015589e-11 0.000000000000000000e+00 0.000000000000000000e+00 0.000000000000000000e+00 0.000000000000000000e+00
1.892201993987768316e-11 0.000000000000000000e+00 0.000000000000000000e+00 0.000000000000000000e+00 3.908033743035885417e-03
7.552161846515063704e-12 0.000000000000000000e+00 0.000000000000000000e+00 0.000000000000000000e+00 1.823613032722061792e-03
0.000000000000000000e+00 0.000000000000000000e+00 0.000000000000000000e+00 0.000000000000000000e+00 5.888646482367036327e-05
0.000000000000000000e+00 0.000000000000000000e+00 0.000000000000000000e+00 0.000000000000000000e+00 0.000000000000000000e+00
3.934707118344358843e-12 0.000000000000000000e+00 0.000000000000000000e+00 0.000000000000000000e+00 0.000000000000000000e+00
3.178358622179817582e-12 0.000000000000000000e+00 0.000000000000000000e+00 0.000000000000000000e+00 0.000000000000000000e+00
6.052765627423465283e-12 0.000000000000000000e+00 0.000000000000000000e+00 0.000000000000000000e+00 0.000000000000000000e+00
0.000000000000000000e+00 0.000000000000000000e+00 0.000000000000000000e+00 0.000000000000000000e+00 0.000000000000000000e+00
2.742120660732000003e-13 0.000000000000000000e+00 0.000000000000000000e+00 0.000000000000000000e+00 1.691021894394647770e-03
3.701456455365500412e-12 0.000000000000000000e+00 0.000000000000000000e+00 0.000000000000000000e+00 4.092590940388726208e-03
0.000000000000000000e+00 0.000000000000000000e+00 0.000000000000000000e+00 0.000000000000000000e+00 0.000000000000000000e+00
0.000000000000000000e+00 0.000000000000000000e+00 0.000000000000000000e+00 0.000000000000000000e+00 4.557699732847008897e-03
4.431561546597676972e-11 0.000000000000000000e+00 0.000000000000000000e+00 0.000000000000000000e+00 2.085518393561082613e-04
0.000000000000000000e+00 0.000000000000000000e+00 0.000000000000000000e+00 0.000000000000000000e+00 1.389287297195564716e-03
1.167354888059884410e-11 0.000000000000000000e+00 0.000000000000000000e+00 0.000000000000000000e+00 1.160100735896549490e-03
5.672437241183402988e-12 0.000000000000000000e+00 0.000000000000000000e+00 0.000000000000000000e+00 1.647488582109104529e-03
0.000000000000000000e+00 0.000000000000000000e+00 0.000000000000000000e+00 0.000000000000000000e+00 0.000000000000000000e+00
0.000000000000000000e+00 0.000000000000000000e+00 0.000000000000000000e+00 0.000000000000000000e+00 0.000000000000000000e+00
0.000000000000000000e+00 1.355731243340465020e-01 0.000000000000000000e+00 2.455900353932827240e-01 4.307882324037292732e-04
7.850987812641676492e-13 0.000000000000000000e+00 0.000000000000000000e+00 0.000000000000000000e+00 0.000000000000000000e+00
0.000000000000000000e+00 0.000000000000000000e+00 0.000000000000000000e+00 0.000000000000000000e+00 0.000000000000000000e+00
0.000000000000000000e+00 0.000000000000000000e+00 0.000000000000000000e+00 0.000000000000000000e+00 0.000000000000000000e+00
4.359317664369751536e-11 0.000000000000000000e+00 0.000000000000000000e+00 0.000000000000000000e+00 0.000000000000000000e+00
0.000000000000000000e+00 0.000000000000000000e+00 0.000000000000000000e+00 0.000000000000000000e+00 4.097077056766646255e-03
1.221980315674517029e-12 0.000000000000000000e+00 0.000000000000000000e+00 0.000000000000000000e+00 2.447808529029664036e-04
1.275677429509247882e-12 0.000000000000000000e+00 0.000000000000000000e+00 0.000000000000000000e+00 1.972424346622307753e-04
0.000000000000000000e+00 0.000000000000000000e+00 0.000000000000000000e+00 0.000000000000000000e+00 0.000000000000000000e+00
6.565827679614212148e-12 0.000000000000000000e+00 0.000000000000000000e+00 0.000000000000000000e+00 0.000000000000000000e+00
1.025657058364089237e-11 0.000000000000000000e+00 0.000000000000000000e+00 0.000000000000000000e+00 0.000000000000000000e+00
0.000000000000000000e+00 0.000000000000000000e+00 0.000000000000000000e+00 0.000000000000000000e+00 0.000000000000000000e+00
0.000000000000000000e+00 0.000000000000000000e+00 0.000000000000000000e+00 0.000000000000000000e+00 3.062099630740799938e-02
0.000000000000000000e+00 0.000000000000000000e+00 0.000000000000000000e+00 0.000000000000000000e+00 0.000000000000000000e+00
0.000000000000000000e+00 0.000000000000000000e+00 0.000000000000000000e+00 0.000000000000000000e+00 4.414367642360794708e-02
5.004847431482743135e-11 0.000000000000000000e+00 0.000000000000000000e+00 0.000000000000000000e+00 0.000000000000000000e+00
1.132792711932970935e-12 0.000000000000000000e+00 0.000000000000000000e+00 0.000000000000000000e+00 0.000000000000000000e+00
1.553102029587505503e-11 0.000000000000000000e+00 0.000000000000000000e+00 0.000000000000000000e+00 0.000000000000000000e+00
4.887288379096936454e-12 0.000000000000000000e+00 0.000000000000000000e+00 0.000000000000000000e+00 3.190900901127876731e-03
1.472074570723574887e-11 0.000000000000000000e+00 0.000000000000000000e+00 0.000000000000000000e+00 0.000000000000000000e+00
5.651417236851677592e-12 0.000000000000000000e+00 0.000000000000000000e+00 0.000000000000000000e+00 1.321396011420011276e-03
0.000000000000000000e+00 0.000000000000000000e+00 0.000000000000000000e+00 0.000000000000000000e+00 0.000000000000000000e+00
1.267560430135684509e-11 0.000000000000000000e+00 0.000000000000000000e+00 0.000000000000000000e+00 1.050928589765593585e-02
1.001729468817570828e-01 0.000000000000000000e+00 0.000000000000000000e+00 1.302826306169524995e-01 0.000000000000000000e+00
0.000000000000000000e+00 0.000000000000000000e+00 0.000000000000000000e+00 0.000000000000000000e+00 5.607871614581293358e-03
0.000000000000000000e+00 0.000000000000000000e+00 0.000000000000000000e+00 0.000000000000000000e+00 0.000000000000000000e+00
0.000000000000000000e+00 0.000000000000000000e+00 0.000000000000000000e+00 0.000000000000000000e+00 7.569876677245417421e-03
1.840291031428734037e-12 0.000000000000000000e+00 0.000000000000000000e+00 0.000000000000000000e+00 3.706386995452653132e-04
0.000000000000000000e+00 0.000000000000000000e+00 0.000000000000000000e+00 0.000000000000000000e+00 8.560315665442339017e-03
0.000000000000000000e+00 0.000000000000000000e+00 0.000000000000000000e+00 0.000000000000000000e+00 4.083966392420891427e-03
1.719238240296943848e-10 0.000000000000000000e+00 0.000000000000000000e+00 0.000000000000000000e+00 0.000000000000000000e+00
1.376495691934923579e-11 0.000000000000000000e+00 0.000000000000000000e+00 0.000000000000000000e+00 0.000000000000000000e+00
4.248051029913308773e-11 0.000000000000000000e+00 0.000000000000000000e+00 0.000000000000000000e+00 0.000000000000000000e+00
0.000000000000000000e+00 0.000000000000000000e+00 0.000000000000000000e+00 0.000000000000000000e+00 1.293694594031203314e-02
1.534193376423759465e-12 0.000000000000000000e+00 0.000000000000000000e+00 0.000000000000000000e+00 8.732252771609941766e-04
0.000000000000000000e+00 0.000000000000000000e+00 0.000000000000000000e+00 0.000000000000000000e+00 2.228573968226312246e-03
1.962922050949636718e-12 0.000000000000000000e+00 0.000000000000000000e+00 0.000000000000000000e+00 6.478866344599897237e-04
7.387530474419483998e-12 0.000000000000000000e+00 0.000000000000000000e+00 0.000000000000000000e+00 1.230672076809158138e-03
0.000000000000000000e+00 4.261918057130437143e-01 0.000000000000000000e+00 5.954152821048870614e-02 1.217087965803501136e-03
0.000000000000000000e+00 0.000000000000000000e+00 0.000000000000000000e+00 0.000000000000000000e+00 2.594041052728624647e-02
8.404739037524198265e-11 0.000000000000000000e+00 0.000000000000000000e+00 0.000000000000000000e+00 9.838115496198418866e-03
0.000000000000000000e+00 0.000000000000000000e+00 0.000000000000000000e+00 0.000000000000000000e+00 0.000000000000000000e+00
0.000000000000000000e+00 0.000000000000000000e+00 0.000000000000000000e+00 0.000000000000000000e+00 9.576324483935931249e-04
8.417138190948343646e-02 0.000000000000000000e+00 0.000000000000000000e+00 4.282502705848519886e-01 0.000000000000000000e+00
6.663563536521182999e-11 0.000000000000000000e+00 0.000000000000000000e+00 0.000000000000000000e+00 8.367058091951260976e-03
3.366863143517244675e-11 0.000000000000000000e+00 0.000000000000000000e+00 0.000000000000000000e+00 1.510130573598429107e-03
0.000000000000000000e+00 0.000000000000000000e+00 0.000000000000000000e+00 0.000000000000000000e+00 1.628526749184939061e-03
0.000000000000000000e+00 0.000000000000000000e+00 0.000000000000000000e+00 0.000000000000000000e+00 8.415328571101018387e-04
2.955264168103254319e-01 0.000000000000000000e+00 1.563509703966756703e-01 0.000000000000000000e+00 0.000000000000000000e+00
1.118983051137904805e-01 0.000000000000000000e+00 0.000000000000000000e+00 2.216679317871738941e-01 3.155474033771375254e-04
0.000000000000000000e+00 0.000000000000000000e+00 0.000000000000000000e+00 0.000000000000000000e+00 1.980892776046829507e-01
0.000000000000000000e+00 0.000000000000000000e+00 0.000000000000000000e+00 0.000000000000000000e+00 0.000000000000000000e+00
0.000000000000000000e+00 0.000000000000000000e+00 0.000000000000000000e+00 0.000000000000000000e+00 0.000000000000000000e+00
0.000000000000000000e+00 0.000000000000000000e+00 0.000000000000000000e+00 0.000000000000000000e+00 0.000000000000000000e+00
0.000000000000000000e+00 0.000000000000000000e+00 0.000000000000000000e+00 0.000000000000000000e+00 3.539173221418008986e-04
0.000000000000000000e+00 0.000000000000000000e+00 0.000000000000000000e+00 0.000000000000000000e+00 9.707907348449370047e-03
0.000000000000000000e+00 1.273557894597782125e-01 3.944267264571160170e-01 0.000000000000000000e+00 0.000000000000000000e+00
0.000000000000000000e+00 8.781355067614915466e-02 0.000000000000000000e+00 2.236187067978762932e-01 5.118600076650951271e-03
5.962838724923051614e-02 0.000000000000000000e+00 2.127356688332792956e-01 0.000000000000000000e+00 1.881311325647134136e-03
6.871282152177125846e-02 0.000000000000000000e+00 0.000000000000000000e+00 1.825712310950509953e-01 5.118614971523056077e-03
3.360805663058988313e-01 0.000000000000000000e+00 8.300701757279474111e-03 0.000000000000000000e+00 4.286299389235662073e-04
0.000000000000000000e+00 0.000000000000000000e+00 0.000000000000000000e+00 0.000000000000000000e+00 1.558317726893439573e-03
0.000000000000000000e+00 0.000000000000000000e+00 0.000000000000000000e+00 0.000000000000000000e+00 0.000000000000000000e+00
5.757931310763949674e-13 0.000000000000000000e+00 0.000000000000000000e+00 0.000000000000000000e+00 0.000000000000000000e+00
0.000000000000000000e+00 0.000000000000000000e+00 0.000000000000000000e+00 0.000000000000000000e+00 0.000000000000000000e+00
1.268618385265974240e-10 0.000000000000000000e+00 0.000000000000000000e+00 0.000000000000000000e+00 1.542470853963692247e-02
5.375532391461018564e-13 0.000000000000000000e+00 0.000000000000000000e+00 0.000000000000000000e+00 3.597116997905760983e-04
8.927922565665118619e-12 0.000000000000000000e+00 0.000000000000000000e+00 0.000000000000000000e+00 1.736617376925381727e-03
0.000000000000000000e+00 0.000000000000000000e+00 0.000000000000000000e+00 0.000000000000000000e+00 1.875154688062151780e-05
0.000000000000000000e+00 0.000000000000000000e+00 0.000000000000000000e+00 0.000000000000000000e+00 0.000000000000000000e+00
3.722180624015748529e-12 0.000000000000000000e+00 0.000000000000000000e+00 0.000000000000000000e+00 0.000000000000000000e+00
1.760713793986510492e-12 0.000000000000000000e+00 0.000000000000000000e+00 0.000000000000000000e+00 7.041392153519493826e-04
8.186206402380377461e-12 0.000000000000000000e+00 0.000000000000000000e+00 0.000000000000000000e+00 9.659872781468647454e-05
0.000000000000000000e+00 0.000000000000000000e+00 0.000000000000000000e+00 0.000000000000000000e+00 6.649650440070790577e-03
0.000000000000000000e+00 0.000000000000000000e+00 0.000000000000000000e+00 0.000000000000000000e+00 2.917000317220795418e-04
0.000000000000000000e+00 4.412184746553467901e-03 8.875219552958067692e-02 0.000000000000000000e+00 9.716544970789482791e-04
0.000000000000000000e+00 0.000000000000000000e+00 0.000000000000000000e+00 0.000000000000000000e+00 5.728787978827238822e-03
2.912214612902908291e-11 0.000000000000000000e+00 0.000000000000000000e+00 0.000000000000000000e+00 2.704075883930022114e-02
1.377884761009273138e-11 0.000000000000000000e+00 0.000000000000000000e+00 0.000000000000000000e+00 0.000000000000000000e+00
1.994909279951165503e-12 0.000000000000000000e+00 0.000000000000000000e+00 0.000000000000000000e+00 0.000000000000000000e+00
0.000000000000000000e+00 0.000000000000000000e+00 0.000000000000000000e+00 0.000000000000000000e+00 0.000000000000000000e+00
0.000000000000000000e+00 0.000000000000000000e+00 0.000000000000000000e+00 0.000000000000000000e+00 6.442703320378855318e-04
3.200534048444169075e-10 0.000000000000000000e+00 0.000000000000000000e+00 0.000000000000000000e+00 0.000000000000000000e+00
0.000000000000000000e+00 0.000000000000000000e+00 0.000000000000000000e+00 0.000000000000000000e+00 1.862587680696357699e-04
0.000000000000000000e+00 0.000000000000000000e+00 0.000000000000000000e+00 0.000000000000000000e+00 4.507693615556695928e-05
2.297866610523461868e-11 0.000000000000000000e+00 0.000000000000000000e+00 0.000000000000000000e+00 0.000000000000000000e+00
0.000000000000000000e+00 0.000000000000000000e+00 0.000000000000000000e+00 0.000000000000000000e+00 6.470782144692556991e-03
2.761427002329694583e-12 0.000000000000000000e+00 0.000000000000000000e+00 0.000000000000000000e+00 6.400872315020233148e-03
0.000000000000000000e+00 0.000000000000000000e+00 0.000000000000000000e+00 0.000000000000000000e+00 0.000000000000000000e+00
1.406561738704422036e-12 0.000000000000000000e+00 0.000000000000000000e+00 0.000000000000000000e+00 0.000000000000000000e+00
2.919644893903572770e-11 0.000000000000000000e+00 0.000000000000000000e+00 0.000000000000000000e+00 0.000000000000000000e+00
0.000000000000000000e+00 0.000000000000000000e+00 0.000000000000000000e+00 0.000000000000000000e+00 0.000000000000000000e+00
3.734314125530059369e-01 0.000000000000000000e+00 0.000000000000000000e+00 3.283750788195399090e-02 1.403505540849008361e-03
0.000000000000000000e+00 3.371850057128850109e-01 6.283010452172838045e-02 0.000000000000000000e+00 1.063516089843697613e-03
3.686776917108019632e-12 0.000000000000000000e+00 0.000000000000000000e+00 0.000000000000000000e+00 1.335119327575735480e-03
0.000000000000000000e+00 0.000000000000000000e+00 0.000000000000000000e+00 0.000000000000000000e+00 0.000000000000000000e+00
5.268316996898811225e-12 0.000000000000000000e+00 0.000000000000000000e+00 0.000000000000000000e+00 0.000000000000000000e+00
0.000000000000000000e+00 0.000000000000000000e+00 0.000000000000000000e+00 0.000000000000000000e+00 1.061868907228578733e-02
4.200553802871822007e-01 0.000000000000000000e+00 9.811096193279258970e-02 0.000000000000000000e+00 1.215586895059880216e-03
0.000000000000000000e+00 0.000000000000000000e+00 0.000000000000000000e+00 0.000000000000000000e+00 0.000000000000000000e+00
1.642633854110323270e-11 0.000000000000000000e+00 0.000000000000000000e+00 0.000000000000000000e+00 1.846109330491037953e-02
0.000000000000000000e+00 0.000000000000000000e+00 0.000000000000000000e+00 0.000000000000000000e+00 1.461798195478190973e-03
0.000000000000000000e+00 0.000000000000000000e+00 0.000000000000000000e+00 0.000000000000000000e+00 0.000000000000000000e+00
0.000000000000000000e+00 0.000000000000000000e+00 0.000000000000000000e+00 0.000000000000000000e+00 0.000000000000000000e+00
0.000000000000000000e+00 0.000000000000000000e+00 0.000000000000000000e+00 0.000000000000000000e+00 0.000000000000000000e+00
0.000000000000000000e+00 0.000000000000000000e+00 0.000000000000000000e+00 0.000000000000000000e+00 2.973250597336146717e-02
0.000000000000000000e+00 0.000000000000000000e+00 0.000000000000000000e+00 0.000000000000000000e+00 0.000000000000000000e+00
0.000000000000000000e+00 1.024050656604443416e-01 3.142283090006086077e-01 0.000000000000000000e+00 1.393355352659246624e-03
4.456552813667655137e-12 0.000000000000000000e+00 0.000000000000000000e+00 0.000000000000000000e+00 0.000000000000000000e+00
0.000000000000000000e+00 0.000000000000000000e+00 0.000000000000000000e+00 0.000000000000000000e+00 0.000000000000000000e+00
0.000000000000000000e+00 0.000000000000000000e+00 0.000000000000000000e+00 0.000000000000000000e+00 8.161665412347880039e-03
0.000000000000000000e+00 0.000000000000000000e+00 0.000000000000000000e+00 0.000000000000000000e+00 2.130124181112494960e-03
0.000000000000000000e+00 4.020082421555917079e-02 0.000000000000000000e+00 3.760959545577499674e-01 9.470871659591573264e-04
0.000000000000000000e+00 0.000000000000000000e+00 0.000000000000000000e+00 0.000000000000000000e+00 0.000000000000000000e+00
0.000000000000000000e+00 0.000000000000000000e+00 0.000000000000000000e+00 0.000000000000000000e+00 1.616272137020738483e-03
6.159743517559785221e-12 0.000000000000000000e+00 0.000000000000000000e+00 0.000000000000000000e+00 4.005495394803827193e-03
0.000000000000000000e+00 0.000000000000000000e+00 0.000000000000000000e+00 0.000000000000000000e+00 0.000000000000000000e+00
1.704959676799337887e-11 0.000000000000000000e+00 0.000000000000000000e+00 0.000000000000000000e+00 0.000000000000000000e+00
0.000000000000000000e+00 7.277178418447110761e-03 0.000000000000000000e+00 9.099344956053369293e-02 0.000000000000000000e+00
0.000000000000000000e+00 0.000000000000000000e+00 0.000000000000000000e+00 0.000000000000000000e+00 8.425242108321709346e-04
0.000000000000000000e+00 0.000000000000000000e+00 0.000000000000000000e+00 0.000000000000000000e+00 3.316963167458159781e-03
0.000000000000000000e+00 0.000000000000000000e+00 0.000000000000000000e+00 0.000000000000000000e+00 0.000000000000000000e+00
0.000000000000000000e+00 0.000000000000000000e+00 0.000000000000000000e+00 0.000000000000000000e+00 0.000000000000000000e+00
3.479592973771219383e-12 0.000000000000000000e+00 0.000000000000000000e+00 0.000000000000000000e+00 1.175551391344383922e-03
0.000000000000000000e+00 0.000000000000000000e+00 0.000000000000000000e+00 0.000000000000000000e+00 4.606988220187153570e-04
2.625483044279320242e-12 0.000000000000000000e+00 0.000000000000000000e+00 0.000000000000000000e+00 5.660809815245448559e-04
0.000000000000000000e+00 0.000000000000000000e+00 0.000000000000000000e+00 0.000000000000000000e+00 0.000000000000000000e+00
8.231200111528870139e-12 0.000000000000000000e+00 0.000000000000000000e+00 0.000000000000000000e+00 3.579358300163219434e-05
0.000000000000000000e+00 0.000000000000000000e+00 0.000000000000000000e+00 0.000000000000000000e+00 0.000000000000000000e+00
4.652102238454444872e-12 0.000000000000000000e+00 0.000000000000000000e+00 0.000000000000000000e+00 0.000000000000000000e+00
0.000000000000000000e+00 0.000000000000000000e+00 0.000000000000000000e+00 0.000000000000000000e+00 4.033721448398200826e-04
1.184678021643530717e-11 0.000000000000000000e+00 0.000000000000000000e+00 0.000000000000000000e+00 1.140532526005973678e-03
